size_threshold: [0.33333, 0.266667, 0.2]
prob_threshold: [0.5, 0.4, 0.3]